Test,Result,Status
Blockchain Integrity,PASS,SUCCESS
Identity Creation,PASS,SUCCESS
Credential Management,PASS,SUCCESS
Valid Credential Verification,PASS,SUCCESS
Access Control,PASS,SUCCESS
Audit Trail,PASS,SUCCESS
